451037
795290
495201
377318
173660
104324
889252
945028
564731
372861
390248
959863
043516
032601
140167
985931
137770
803379
930057
346069
398276
001374
629167
987177
251766
932000
000809
244569
509955
909450
566759
591371
975317
592326
347719
346507
932735
165644
373907
585025
558401
552106
525415
443205
084937
133734
602171
078408
176913
310432
613497
009394
233430
171488
189479
551244
864786
939160
291798
664649
459620
715090
987264
376650
499856
763968
732898
198594
095291
318557
241368
085242
079943
214265
674133
410311
030766
768305
571796
573994
911741
252305
787874
922041
784740
984093
576329
595958
747973
424004
163757
545044
091185
696801
164109
163729
532918
065916
653278
605655
897146
479321
571527
910691
805832
665225
667552
367063
866574
766940
593313
648380
661508
848855
298850
324235
043280
476191
015575
858400
957756
863349
749431
362215
895208
825386
167314
952099
816967
800808
194584
197146
447623
694158
168628
821766
364080
639835
081902
262842
196825
966173
685897
821109
577392
116370
183224
296196
811599
970469
166689
264374
804098
129047
791749
836103
963054
899061
806991
859815
030197
123588
567808
034708
849937
253130
722651
161621
982059
066222
642561
177743
757841
757817
265698
311159
829653
608128
453379
776438
009170
386420
370269
125688
169425
848249
270139
851134
731402
259957
995594
113555
177251
510709
114485
202573
752213
291896
662385
276350
093131
440173
994711
379550
846497
070894
188713
316034
932934
790359
238080
602035
843499
641699
091091
788095
353511
388067
150284
152974
206629
014085
523767
182453
681475
550870
850031
997618
440282
635637
107074
811896
582214
809251
334924
323303
657089
040196
262344
663125
724634
519979
901809
918781
356772
848477
546582
838784
528066
911310
618668
226093
902672
487861
433012
313592
221883
402835
368366
522970
500152
543205
416255
781340
067395
858334
269456
232252
351101
807802
480449
377572
164674
818545
651370
134315
073551
583188
563925
866452
834936
823630
452326
229023
189974
594226
466438
206774
511909
132601
797916
595493
848310
606714
915763
177264
076483
414105
442723
035418
922293
994310
813041
811424
014853
512190
978249
207757
358004
191318
754860
766781
930241
529441
742343
332496
977675
124282
418526
315839
216879
051925
253013
023068
923327
566386
595633
004026
618074
363057
064156
652615
984415
181941
631799
059707
008214
891905
531194
997198
496515
547775
910070
176096
283079
421305
640918
651457
546644
546888
535908
848867
746520
551536
335358
895454
464599
523708
951707
183515
893922
195617
772531
239338
885671
829652
525630
536984
465839
895170
561921
456285
696204
423534
802295
587249
840096
551663
738985
367562
384323
109085
511935
494310
323338
048904
772686
324584
185994
191773
085160
912014
417123
952769
973872
784372
876442
617232
633760
279929
355115
573390
729476
587785
928349
551417
356879
561843
795325
208171
936427
430497
166625
243057
738840
454693
239875
446643
643389
445622
468547
496157
455471
916293
571708
945335
109166
397988
591963
367759
454278
208021
411940
961106
668220
845387
949157
445350
692423
849422
589258
727280
152157
481051
274788
629864
802980
919763
244814
995000
835535
794493
491425
793261
450411
626097
153867
005332
602825
441992
867062
897664
135016
080853
055379
918178
826569
469677
342021
030265
242369
537881
712458
179812
208661
601035
280509
528641
618518
337183
351375
345578
233899
283260
483587
767392
572250
936585
267319
002114
150002
110605
543892
187666
602371
792802
803632
449804
949205
162420
350642
553711
397751
935697
348695
480768
562799
903082
363927
081842
059209
668067
236768
662515
643767
666950
637178
388096
278369
485014
797531
763403
898736
766945
311423
030112
792676
111371
817930
745653
093409
344633
774889
123240
955029
700070
747938
399947
249712
216513
227095
178564
158150
225126
824196
088145
488084
141717
857440
261836
531110
369605
454551
926439
346232
507613
470552
807026
085702
235283
423591
929622
643098
861964
266449
221664
836666
577374
522011
572512
262349
147438
452331
045891
104360
349636
309000
153212
404656
552136
949728
297467
930632
732731
398112
296944
897671
088005
198256
691451
036770
558649
980191
768775
032720
321687
215001
772093
330503
632595
651548
158080
676286
659629
096562
358564
848571
919569
180816
656226
505026
544943
824167
305051
230687
359044
734249
405146
992800
376863
137173
940708
375779
284004
288188
132154
459377
678869
889840
553523
633945
266668
881094
841617
450744
897621
041548
378451
940378
066332
166217
478414
844101
509507
264160
175322
022568
786570
516276
663818
511311
678938
929084
287222
329483
998621
517920
254413
402322
383508
606376
437986
088660
546389
480207
459073
488374
554058
699785
068063
659730
827534
029471
034318
230448
911290
111704
012067
913613
326503
167929
219737
720664
535933
929108
705057
595521
975726
579561
129463
426785
387605
917276
114564
382667
252895
158664
906623
786047
362956
182011
936794
471784
456796
937538
832144
321131
940361
884442
494379
227830
028233
663831
485466
941266
314395
319587
820363
094770
036422
856150
562337
446988
691414
573523
599151
321257
338940
801742
461416
122752
080787
944805
629171
585862
566747
262156
282890
430053
566411
300249
679232
185642
015633
173290
440206
552519
453859
999517
401129
806581
967715
459741
047792
162850
539792
099102
206704
303464
884632
127538
318239
350517
264980
772408
663129
431436
767443
528395
693597
664925
681518
102435
712637
170788
311428
408350
469528
114678
174326
490453
350484
120581
658196
504227
255413
477852
781667
057713
132761
491679
282524
043162
033552
132367
721620
786928
000156
468490
177023
166046
964444
241701
053267
567177
818481
823344
956943
575536
052628
127813
704640
154320
350427
931869
932973
532657
178849
616737
897795
068571
761219
295820
683198
155070
197523
221679
454785
094498
070014
322024
470990
634772
718007
946187
211581
711195
452818
012304
045754
398231
594136
909705
377779
592896
106920
673862
486879
991253
315901
216901
164116
472567
047360
133357
912850
794654
046518
605919
216510
410835
347264
298783
623412
621307
377736
053476
385010
513843
014120
349866
726516
028047
480104
639404
403141
525766
601792
386226
076604
087926
434002
917441
585614
436494
746489
781003
532577
156291
694923
867639
136543
195122
294957
976799
244572
480791
804004
280783
456583
333104
664213
834859
432072
777636
987903
134080
848086
119908
736476
890354
506002
028288
981665
390482
442646
498104
750648
374813
077600
990892
336990
865874
693263
455699
176811
657636
393330
932904
692544
014304
060217
789901
253021
161813
370104
809427
930205
171117
805933
470312
388327
346404
773440
049187
093109
864322
124426
461107
750648
848428
449165
012344
371990
641845
579358
234362
350197
956537
363786
824448
480830
735118
615083
311917
824293
105387
161503
121475
307980
100638
968775
113150
197900
564708
558544
369843
921654
125541
621835
353277
072642
893087
365830
557170
787690
774026
420462
389318
345828
541482
163938
834198
020357
131166
907184
264200
619921
275475
098425
